3.571769047291303
3.570521254715352
3.567968961151419
3.565849174553708
3.56374526915226
3.5627554803364125
3.559899530072352
3.5591624849547228
3.5577967388268505
3.555079238307072
3.5544604614178925
3.5533851661943006
3.5502955775070637
3.5514352202531896
3.5498584857226976
3.5489098222790814
3.5482858130752195
3.5467259478919275
3.548172618855678
3.5462009229098497
3.544912905256927
3.546879737201465
3.5450146464869197
3.5464347097517126
3.5468555475313424
3.547951710956711
3.54501583459529
3.552476818611128
3.554034634850775
3.553627898153722
3.5521264629923808
3.5519631402458227
3.5497190282301365
3.548749636243855
3.5479640349830435
3.5470688665084276
3.553079340398838
3.56277024009545
3.5636411941244233
3.5635141855218615
3.5611711559960235
3.5617412259120487
3.565583093969633
3.5639818725832297
3.564775321703089
3.5622681015338937
3.562042098909218
3.562157164327009
3.5645183075499625
3.56282427139375
3.561193829562649
3.561189802028248
3.559149519363941
3.558136140680598
3.5589554939445027
3.5583725665170483
3.555893980669765
3.5561162307987058
3.555152381060642
3.5560738340989353
3.554758567310825
3.5532063525956517
3.5522376283045802
3.5555569255545123